# Richards, P.J., Norris S.E. (2015)
# Appropriate boundary conditions for a pressure driven boundary layer.
# Journal of Wind Engineering and Industrial Aerodynamics (JWEIA)
# 142, 43-52.
# DOI:10.1016/j.jweia.2015.03.003
# Fig. 11b
4.985999504101436, 0.517728373662825
7.19822927707665, 1.1026603592738013
7.19822927707665, 1.1026603592738013
7.744771904808699, 1.5423734425001132
8.371683710565758, 2.216127205768619
8.83784438235055, 2.878610329312783
9.456696389495024, 4.346948985088748
9.890690083087579, 5.606040451440949
10.188622630064806, 6.740975183125473
10.503266066389704, 8.238126568069202
10.810916492456224, 9.735394689963224
11.098837385752777, 11.603368118231028
11.52620952013273, 15.831776121431302
11.679609061334299, 17.259979761865075
11.999227382080354, 21.349710923824972
12.174858336809276, 23.89997788248802
12.46474697262873, 28.682273562919736
12.630774522455338, 31.623821081461433
12.807485272602513, 35.76524448304152
12.98422161518717, 38.991738244649
13.160937758443488, 42.94035799431142
13.33761513578732, 48.274859115286596
13.514306564837826, 53.107011722832326
13.690956716999988, 59.414813088577475
13.867608625625484, 65.65982089014364
14.044226283215972, 73.1293031931945
14.220827693520627, 81.17962596489821
14.397401000411941, 90.234645763461
14.580043656573794, 97.81784077087393
14.7505388318779, 108.65865318147998
14.919017565319166, 119.75145831192373
15.063423683347196, 129.410617943284
15.207791642209303, 140.4339677564262
15.344135239106578, 150.98504230477087
15.464404063095651, 161.52281730656324
15.576661647364718, 171.11919679117293
15.688870526369262, 182.45678948248766
15.793080793370553, 192.40154578272086
15.889226158605968, 203.32332470567354
15.985391396969382, 213.5346393024902
16.07348593723792, 224.93019528381595
16.153610525129928, 233.90833321854453
16.233654608452483, 245.76450951146325
16.313747118369893, 255.8894350381475
16.38844074415296, 267.4623246960891
16.465851039981057, 277.6953320797494
16.519806893029017, 288.3402902902879
16.593843322855626, 299.46266743258
16.652430791628603, 312.1442391862662
16.712140923457564, 323.00303542319455
16.761626116249698, 335.4353292500244
16.80953519058096, 346.7452149520167
16.857409245424506, 359.3070473398216
16.903634244667234, 373.3539743553092
16.94735705838527, 386.54616614747437
16.99478828059352, 404.67700755031586
17.008569052793657, 414.8650285333143
17.045745184738553, 426.7533172044952
17.05620521663445, 435.93146426957065
17.075455775967765, 450.1184948994121
17.08753437488545, 465.28691882597957
17.102742010074692, 496.3003918252706
17.103202576716576, 479.83513437806516

